<?xml version="1.0"?>
<opencv_storage>
<calibration_time>"Wed May 13 09:15:01 2020"</calibration_time>
<nr_of_frames>25</nr_of_frames>
<image_width>640</image_width>
<image_height>480</image_height>
<board_width>9</board_width>
<board_height>6</board_height>
<square_size>3.7000000476837158e-02</square_size>
<fix_aspect_ratio>1.</fix_aspect_ratio>
<!-- flags: +fix_aspectRatio +fix_principal_point +zero_tangent_dist +fix_k4 +fix_k5 -->
<flags>6158</flags>
<fisheye_model>0</fisheye_model>
<camera_matrix type_id="opencv-matrix">
  <rows>3</rows>
  <cols>3</cols>
  <dt>d</dt>
  <data>
    5.5891719613188877e+02 0. 3.1950000000000000e+02 0.
    5.5891719613188877e+02 2.3950000000000000e+02 0. 0. 1.</data></camera_matrix>
<distortion_coefficients type_id="opencv-matrix">
  <rows>5</rows>
  <cols>1</cols>
  <dt>d</dt>
  <data>
    7.8881554876768692e-02 6.4490221056776322e+00 0. 0.
    -6.7402958371414201e+01</data></distortion_coefficients>
<avg_reprojection_error>1.5721193719338906e+00</avg_reprojection_error>
<per_view_reprojection_errors type_id="opencv-matrix">
  <rows>25</rows>
  <cols>1</cols>
  <dt>f</dt>
  <data>
    7.74316931e+00 1.12407297e-01 2.29116052e-01 2.41194025e-01
    2.63820052e-01 2.44963810e-01 2.44396478e-01 2.58736879e-01
    3.61798853e-01 3.26664746e-01 3.07508051e-01 2.73357779e-01
    2.59102404e-01 2.58830488e-01 2.93775409e-01 3.34685683e-01
    3.83924305e-01 2.86944777e-01 2.74784505e-01 2.62147218e-01
    2.65211016e-01 2.47349352e-01 2.72851616e-01 2.53142506e-01
    2.63394415e-01</data></per_view_reprojection_errors>
<!-- a set of 6-tuples (rotation vector + translation vector) for each view -->
<extrinsic_parameters type_id="opencv-matrix">
  <rows>25</rows>
  <cols>6</cols>
  <dt>d</dt>
  <data>
    -4.2843330396934565e-01 1.0758353596556556e-02
    3.9189993664487388e-02 -6.1787346546002653e-02
    -9.2795528558174162e-02 1.7941726314814415e+00
    -1.1542305400790245e-01 -5.4574746266399330e-03
    -3.3104178565691025e-03 -1.1871348709405163e-01
    -7.8495096706544615e-02 1.4907053736992175e+00
    -1.3752253627344385e-01 -1.4312780420952015e-02
    -4.8737955949735325e-02 -1.4279158808793027e-01
    -8.2655392119656376e-02 1.3788917389764288e+00
    -1.3035535601369783e-01 2.5310928645337644e-03
    -2.1141711112996741e-02 -1.8138199121107842e-01
    -9.5811732399872770e-02 1.3208371008891764e+00
    -1.1250818156853397e-01 1.1968161170284590e-02
    -3.7880471200277120e-02 -2.0615325705257653e-01
    -1.1453082605064857e-01 1.2391450882289015e+00
    -1.2765929829540590e-01 4.1202729151331656e-02
    -7.4587890097144005e-02 -2.2153448063346018e-01
    -1.4138051365233922e-01 1.1623119783382201e+00
    -1.5565579965642971e-02 8.0152041718673045e-02
    -5.2397016520471171e-02 -2.6467354016394373e-01
    -1.1277951082465934e-01 1.1059169241438096e+00
    -9.9493501416979171e-02 -1.3026376905961759e-01
    -3.7032241544435060e-02 -2.1885181745777330e-01
    -8.2604237036633957e-02 9.0444300777746534e-01
    -1.0447940900818800e-01 -1.8756592240527101e-01
    -6.2482702701249304e-03 -1.9469184772569023e-01
    -9.1952040466302190e-02 8.3367984620399915e-01
    -1.0440070782026076e-01 -2.6625342667195451e-01
    2.8738444347466583e-03 -1.7620359822996556e-01
    -1.0692063536817731e-01 8.2374042833934746e-01
    -1.2864214158641823e-01 -1.7297428146962107e-01
    -8.1868587237656984e-03 -1.7190860798130328e-01
    -1.1254666804500699e-01 8.7425414109513599e-01
    -1.3850198295312874e-01 -3.7219288190680662e-02
    -3.1894801151338505e-02 -1.6830589090407247e-01
    -1.1547140369617806e-01 9.6713416643310468e-01
    -1.6549174820115858e-01 1.4650806565302538e-01
    -4.9155669216333880e-02 -1.6441864591871469e-01
    -1.0719937284142328e-01 1.0590853894426160e+00
    -1.4924110517828171e-01 2.4889413355596496e-01
    -6.4943782802238448e-02 -1.4641056622688139e-01
    -1.0231940976221152e-01 1.1170838585921874e+00
    -1.5790874048908546e-01 3.7141054989581229e-01
    -6.0350742827364030e-02 -1.2634038484213031e-01
    -1.0129051830248104e-01 1.1511550886609490e+00
    -1.7237137456221094e-01 5.8194119579539894e-01
    -8.3993586280302415e-02 -1.0543203969528087e-01
    -9.5425417068628740e-02 1.1746035772136838e+00
    -1.7566626170229394e-01 5.4155819568151109e-01
    -6.0471194699837451e-02 -1.0339883184353031e-01
    -9.5016202960196139e-02 1.1657300530561634e+00
    -1.9255353609695219e-01 3.3037725159377407e-01
    -4.7663168711965041e-02 -9.9202491055768643e-02
    -1.1340382761881303e-01 1.1199289660359499e+00
    -1.8881616372975460e-01 1.6325472645878505e-01
    -2.8764383368383138e-02 -9.2369785250519934e-02
    -1.2737118676563458e-01 1.0889061516077112e+00
    -1.8692936027081150e-01 1.2544760911917996e-02
    -1.4695383590716433e-02 -8.1063713059224926e-02
    -1.3136350113015208e-01 1.0658562347465614e+00
    -1.7730389521380102e-01 -5.6835021132424800e-02
    -2.2805417629733357e-02 -6.6555085408605413e-02
    -1.3210589136123183e-01 1.0579753092271269e+00
    -1.6255424016704653e-01 -1.8079399900087581e-01
    -2.5369444815902129e-02 -5.7090314331810256e-02
    -1.2691038739046040e-01 1.0452077490996312e+00
    -1.4305699286449758e-01 -1.1586028728192224e-01
    -1.1833166323054730e-02 -6.1152123150069140e-02
    -1.1660950988708528e-01 1.0560476492334463e+00
    -1.5576611461398585e-01 1.6982688697428447e-01
    -3.3324166556362174e-02 -6.3284445728297736e-02
    -1.0476675565601594e-01 1.0934034048571868e+00
    -1.3177766252538600e-01 2.2691968711620986e-01
    -4.6688987560682321e-02 -6.5896956832789857e-02
    -9.5192739608326069e-02 1.1028537853505325e+00</data></extrinsic_parameters>
