<?xml version="1.0"?>
<opencv_storage>
<calibration_time>"Wed May 13 09:14:27 2020"</calibration_time>
<nr_of_frames>25</nr_of_frames>
<image_width>640</image_width>
<image_height>480</image_height>
<board_width>9</board_width>
<board_height>6</board_height>
<square_size>3.7000000476837158e-02</square_size>
<fix_aspect_ratio>1.</fix_aspect_ratio>
<!-- flags: +fix_aspectRatio +fix_principal_point +zero_tangent_dist +fix_k4 +fix_k5 -->
<flags>6158</flags>
<fisheye_model>0</fisheye_model>
<camera_matrix type_id="opencv-matrix">
  <rows>3</rows>
  <cols>3</cols>
  <dt>d</dt>
  <data>
    5.3180725753022318e+02 0. 3.1950000000000000e+02 0.
    5.3180725753022318e+02 2.3950000000000000e+02 0. 0. 1.</data></camera_matrix>
<distortion_coefficients type_id="opencv-matrix">
  <rows>5</rows>
  <cols>1</cols>
  <dt>d</dt>
  <data>
    5.8218068986055382e-01 -4.3879694864516345e+00 0. 0.
    1.7754447857919626e+01</data></distortion_coefficients>
<avg_reprojection_error>2.8787958448344980e-01</avg_reprojection_error>
<per_view_reprojection_errors type_id="opencv-matrix">
  <rows>25</rows>
  <cols>1</cols>
  <dt>f</dt>
  <data>
    2.56626189e-01 2.58219779e-01 2.63081193e-01 2.82948792e-01
    2.91810334e-01 2.44865954e-01 2.44219005e-01 2.89068490e-01
    3.03413868e-01 3.41162086e-01 3.07612479e-01 3.84345859e-01
    3.41681212e-01 3.52561831e-01 2.31773138e-01 1.84329644e-01
    1.77555725e-01 1.95306927e-01 2.43595138e-01 2.69740164e-01
    2.55217701e-01 3.49287570e-01 3.94763470e-01 3.02057534e-01
    2.93631136e-01</data></per_view_reprojection_errors>
<!-- a set of 6-tuples (rotation vector + translation vector) for each view -->
<extrinsic_parameters type_id="opencv-matrix">
  <rows>25</rows>
  <cols>6</cols>
  <dt>d</dt>
  <data>
    2.4680496834714849e-01 4.2188409159000642e-02
    -3.0272395019096624e-02 -3.5343050892663380e-01
    -2.9152898178557374e-02 1.2982381888189323e+00
    2.4090989737809931e-01 4.7961579788298320e-02
    -1.9770230842670499e-02 -3.5484487816777116e-01
    -2.4909508609276564e-02 1.2912454696784674e+00
    2.1635422422602521e-01 5.5951908997304421e-02 4.0005687179666552e-03
    -3.7028913092363797e-01 -1.9356530150984274e-02
    1.2689046279298235e+00 1.5555121984655387e-01 6.7922394418217846e-02
    3.5029562113478421e-02 -3.8829456067588586e-01
    -2.8339296786306353e-02 1.2132983168538285e+00
    1.3422453486417943e-01 5.9041599511262685e-02 2.9418085743539265e-02
    -3.8798030856197757e-01 -4.0501516876205450e-02
    1.1788987116037699e+00 1.0828251610484634e-01 3.8462746490270767e-02
    2.5820659915308582e-02 -3.4002412197426640e-01
    -6.1973467944262665e-02 1.1339934387774329e+00
    1.2017654652483030e-01 9.5522345567266020e-03 2.2210831527802191e-02
    -2.8722019213086891e-01 -6.9409204380064690e-02
    1.1209149340496158e+00 9.4817740602935838e-02
    -1.5175153159458905e-02 4.6317379251797401e-02
    -2.4018970456854849e-01 -8.4849349955185852e-02
    1.0772918024642508e+00 8.1164916148897009e-02
    -3.3074624161203020e-02 4.7716228800991849e-02
    -2.1426483529312990e-01 -8.6494582903090492e-02
    1.0353451081792293e+00 4.5996957466495597e-02
    -5.9593118791311898e-02 1.5440576138362128e-02
    -2.0283603306763273e-01 -1.0250579150282446e-01
    1.0101185725073396e+00 -4.6588675705219228e-03
    -1.9493054315639910e-01 7.8684718468065625e-03
    -2.1093577485431000e-01 -1.0056778565754310e-01
    1.0123563671059315e+00 -2.2329428038022466e-02
    -3.0404346332530879e-01 1.1744127747331834e-02
    -2.2101398049259391e-01 -9.5287676097703222e-02
    1.0119191090928423e+00 6.3728324118331884e-03
    -3.9822394681577833e-01 3.6205182400978302e-02
    -2.2952479460712977e-01 -8.0457801907645066e-02
    1.0153964643936899e+00 8.5801980303954941e-03
    -2.9591950460134570e-01 2.8723668011180509e-02
    -2.5213456914594490e-01 -6.9522729490219287e-02
    1.0339284303025311e+00 9.0939608322082116e-02 2.4472973227464404e-02
    -3.3420363005805392e-02 -2.8816437928517513e-01
    -4.8124260437868153e-02 1.0772434157085904e+00
    5.2752825692748355e-02 1.7347118438659956e-01
    -1.0382838326870089e-01 -2.8344840042215064e-01
    -4.5201655942298032e-02 1.1008752063816507e+00
    5.7776894752856474e-02 2.3097320610553654e-01
    -1.9263916070509385e-01 -2.7008671871188605e-01
    -3.7362722953169260e-02 1.1075577047391072e+00
    1.2046003221836803e-01 1.1012924439430087e-01
    -6.7815770085720664e-02 -2.8772392623151616e-01
    -5.4930238728555153e-02 1.0995913564157631e+00
    2.5170629312946052e-01 2.6023549355667083e-02
    -5.5259885376910721e-03 -2.9044990227635908e-01
    -6.8827983827682335e-02 1.1032373862063856e+00
    2.2389350348282530e-01 1.3724356665775147e-02 2.0770725404069126e-02
    -2.8904683179639062e-01 -8.6419063033524354e-02
    1.0989132074217931e+00 5.7223588467855413e-02
    -1.1165205366619855e-02 -5.9332655716216745e-04
    -2.8119526803500516e-01 -1.0948856757709997e-01
    1.0791524354967530e+00 4.6852291412376304e-02
    -7.7735278623478496e-02 3.4070219393243131e-02
    -2.6343410784818733e-01 -1.1127452397158431e-01
    1.0552673071939731e+00 -5.4236598201336118e-02
    -1.4699076288723975e-01 1.4805377074307393e-02
    -2.3366628588379462e-01 -1.2198576724200676e-01
    1.0423442013524176e+00 -1.0530322436654932e-01
    -1.6771154112038239e-01 -1.4417981782660093e-02
    -2.0499784405453078e-01 -1.4078581871100795e-01
    1.0125706826304557e+00 -7.9846590875187889e-02
    -1.8121512304385329e-01 -4.7736550461403376e-02
    -1.7886770690394077e-01 -1.3758652376043437e-01
    1.0136624839685862e+00</data></extrinsic_parameters>
