<?xml version="1.0"?>
<opencv_storage>
<calibration_time>"Mon Jun 29 15:44:59 2020"</calibration_time>
<nr_of_frames>25</nr_of_frames>
<image_width>640</image_width>
<image_height>480</image_height>
<board_width>9</board_width>
<board_height>6</board_height>
<square_size>3.7000000476837158e-02</square_size>
<fix_aspect_ratio>1.</fix_aspect_ratio>
<!-- flags: +fix_aspectRatio +fix_principal_point +zero_tangent_dist +fix_k4 +fix_k5 -->
<flags>6158</flags>
<fisheye_model>0</fisheye_model>
<camera_matrix type_id="opencv-matrix">
  <rows>3</rows>
  <cols>3</cols>
  <dt>d</dt>
  <data>
    5.1285842124146768e+02 0. 3.1950000000000000e+02 0.
    5.1285842124146768e+02 2.3950000000000000e+02 0. 0. 1.</data></camera_matrix>
<distortion_coefficients type_id="opencv-matrix">
  <rows>5</rows>
  <cols>1</cols>
  <dt>d</dt>
  <data>
    2.8630647180899632e-01 -8.9747672934424538e-01 0. 0.
    9.5890638539037298e-01</data></distortion_coefficients>
<avg_reprojection_error>3.6048440040788310e-01</avg_reprojection_error>
<per_view_reprojection_errors type_id="opencv-matrix">
  <rows>25</rows>
  <cols>1</cols>
  <dt>f</dt>
  <data>
    3.56221020e-01 3.06376606e-01 3.48047256e-01 3.84984136e-01
    3.74197572e-01 3.95711124e-01 5.55304825e-01 3.43610555e-01
    3.58528912e-01 3.43415111e-01 3.12375128e-01 4.05391306e-01
    3.33998054e-01 4.31531936e-01 3.81362826e-01 3.28487664e-01
    3.34231228e-01 3.09215277e-01 2.87953436e-01 3.05576384e-01
    3.24930608e-01 3.54282200e-01 3.69487613e-01 3.51233870e-01
    3.18525136e-01</data></per_view_reprojection_errors>
<!-- a set of 6-tuples (rotation vector + translation vector) for each view -->
<extrinsic_parameters type_id="opencv-matrix">
  <rows>25</rows>
  <cols>6</cols>
  <dt>d</dt>
  <data>
    8.3685797088090499e-02 -4.3718256633010932e-02
    1.6364773902604060e+00 -5.5428432931441587e-03
    -1.7527678670056143e-01 6.2339450650037509e-01
    7.2281405764317963e-02 -6.1474763986969820e-02
    1.6367201634813819e+00 -4.1860552676566557e-03
    -1.7675933000954686e-01 6.2066949992955867e-01
    5.5978315026950762e-02 -5.2397283694549796e-02
    1.6064470712360408e+00 1.2594346229371096e-02
    -1.7760655618785809e-01 5.9972034429136190e-01
    6.5508910901423453e-02 -3.0683516232232231e-02
    1.5946599432296040e+00 2.0792623880974921e-02
    -1.7186648143325345e-01 5.8881506346177770e-01
    4.9947103400518882e-02 -4.2811593877750596e-02
    1.5846542876827674e+00 2.5472668042489339e-02
    -1.6343570506434602e-01 5.8724956936115302e-01
    -5.9399352660046076e-02 -1.4520749305884773e-01
    1.6113574426628234e+00 -1.5556395294463476e-03
    -1.5193818083563015e-01 5.9209222634768677e-01
    -1.2788014875761322e-01 -2.3349283224069778e-01
    1.6132479859999500e+00 -3.5567310973071302e-02
    -1.4466378068756747e-01 5.8798628562250688e-01
    1.1835875025567985e-01 -3.4986490202831302e-02
    1.5613770159208160e+00 4.7488217417643924e-03
    -1.4355075574381204e-01 5.4575173690983569e-01
    1.7415400782623527e-01 7.7684069462551603e-02 1.5348878848504930e+00
    4.3494366985037378e-02 -1.4899350684122820e-01
    5.2128381538604196e-01 1.5236889724516209e-01 7.1947416103905995e-02
    1.5364847898439684e+00 6.4900048543131708e-02
    -1.5227679085616935e-01 5.2153633207132710e-01
    2.5257500364938734e-02 -4.7439481148444623e-02
    1.5624650840576113e+00 9.1716568619851946e-02
    -1.5052591633928697e-01 5.4300528247556812e-01
    -6.3692413262563211e-02 -1.2207004371792958e-01
    1.5511444048435690e+00 1.1471760903768187e-01
    -1.5524283482505552e-01 5.6120020285897565e-01
    -1.6802595065488393e-02 -5.9265830476031692e-02
    1.5425477854133318e+00 1.2085495523222838e-01
    -1.5915500402464558e-01 5.6537218836171799e-01
    6.7127212166438632e-02 -4.7252775456051277e-02
    1.5872908808160218e+00 8.0228534505174573e-02
    -1.4845374613047049e-01 6.0814950529706002e-01
    2.1974193507460593e-03 -8.5219702529108002e-02
    1.5939775388584503e+00 4.0095330536806459e-02
    -1.4065151077062665e-01 6.1221357156874745e-01
    -3.5714167289713522e-02 -1.1313446656433057e-01
    1.5833685215937487e+00 1.6265604231779602e-02
    -1.2683992386257972e-01 6.1687945849291437e-01
    2.2563627347349298e-02 -1.0372683113089419e-01
    1.5853510839858937e+00 1.8180313408447855e-02
    -1.3378567573558300e-01 6.4978438152066387e-01
    5.5066584627582647e-02 -8.8595742873696412e-02
    1.6020851715850506e+00 1.4646558871929227e-02
    -1.2936094012552485e-01 6.7553588022453948e-01
    3.1266240217779476e-02 -7.8857088394005057e-02
    1.5876565929610764e+00 1.9320725602966868e-02
    -1.2865982309035445e-01 6.5584589557645601e-01
    -2.4240486484848101e-02 -8.8102549595244273e-02
    1.5639302240862341e+00 2.9795570250134570e-02
    -1.3407282129500586e-01 6.1328452618458140e-01
    -2.6012528859390521e-02 -3.1014252066306647e-02
    1.5420111634184033e+00 3.2786935460558518e-02
    -1.4871401552534488e-01 6.0565076345786195e-01
    7.9164224015456003e-02 -2.7054363852447926e-02
    1.5784547415962269e+00 1.5925038802868264e-02
    -1.3439435318291779e-01 6.2955948029695052e-01
    1.1143781797884268e-01 -4.7006904448955111e-02
    1.5886185766257876e+00 -2.1421225711388456e-03
    -1.2504481699532727e-01 6.5527285704192006e-01
    1.1209938045856262e-01 -4.8527218659239861e-02
    1.6019679017218471e+00 -1.1062498191714650e-02
    -1.2450135827148932e-01 6.6250038033256575e-01
    6.7039196330970482e-02 -3.1100282791534491e-02
    1.6179456712349600e+00 -1.2736973464895857e-02
    -1.3053867688406989e-01 6.5829180032909085e-01</data></extrinsic_parameters>
