<?xml version="1.0"?>
<opencv_storage>
<calibration_time>"Wed May 13 09:13:42 2020"</calibration_time>
<nr_of_frames>25</nr_of_frames>
<image_width>640</image_width>
<image_height>480</image_height>
<board_width>9</board_width>
<board_height>6</board_height>
<square_size>3.7000000476837158e-02</square_size>
<fix_aspect_ratio>1.</fix_aspect_ratio>
<!-- flags: +fix_aspectRatio +fix_principal_point +zero_tangent_dist +fix_k4 +fix_k5 -->
<flags>6158</flags>
<fisheye_model>0</fisheye_model>
<camera_matrix type_id="opencv-matrix">
  <rows>3</rows>
  <cols>3</cols>
  <dt>d</dt>
  <data>
    5.7156601565626966e+02 0. 3.1950000000000000e+02 0.
    5.7156601565626966e+02 2.3950000000000000e+02 0. 0. 1.</data></camera_matrix>
<distortion_coefficients type_id="opencv-matrix">
  <rows>5</rows>
  <cols>1</cols>
  <dt>d</dt>
  <data>
    2.6848606254951529e-01 -1.1390729183237896e+01 0. 0.
    1.3348071956464381e+02</data></distortion_coefficients>
<avg_reprojection_error>1.5676095247120866e-01</avg_reprojection_error>
<per_view_reprojection_errors type_id="opencv-matrix">
  <rows>25</rows>
  <cols>1</cols>
  <dt>f</dt>
  <data>
    1.55655846e-01 1.67271510e-01 1.58667907e-01 1.58758000e-01
    1.67246655e-01 1.91043660e-01 1.65135503e-01 1.41480640e-01
    1.50836080e-01 1.63430288e-01 1.60491735e-01 1.56421706e-01
    1.88267305e-01 1.76291615e-01 1.66736752e-01 1.64235070e-01
    1.41370863e-01 1.54874623e-01 1.65042982e-01 1.46471158e-01
    1.14493459e-01 1.33111596e-01 1.28800809e-01 1.50243744e-01
    1.27933934e-01</data></per_view_reprojection_errors>
<!-- a set of 6-tuples (rotation vector + translation vector) for each view -->
<extrinsic_parameters type_id="opencv-matrix">
  <rows>25</rows>
  <cols>6</cols>
  <dt>d</dt>
  <data>
    -1.5057723609469970e-01 -1.3749909781605381e-02
    6.6175297107132561e-02 -1.6746977965732826e-01
    -1.3675734894987993e-01 9.8753988012101179e-01
    -1.4374476306473635e-01 -4.2391026639624517e-03
    3.8867967360626220e-02 -1.6366182529040843e-01
    -1.2689076762480769e-01 9.8776592008419950e-01
    -1.3128827299799195e-01 3.8831918017126321e-02
    1.7601358468504467e-03 -1.6196064599061602e-01
    -1.1598080792625376e-01 9.9773443318260113e-01
    -1.2303688225519394e-01 7.6432187363951049e-02
    -2.9100310971601637e-02 -1.6488231505932513e-01
    -1.0691590435315236e-01 1.0085034117185734e+00
    -1.3257442563523075e-01 1.3246585381750595e-01
    -6.3066482588785139e-02 -1.7098322411991082e-01
    -1.0141371676714528e-01 1.0190707733343560e+00
    -1.1642514352760329e-01 1.6973728921724016e-01
    -9.0381409070317331e-02 -1.7347969283839343e-01
    -9.8567997803713850e-02 1.0297196541509948e+00
    -5.2976683652401067e-02 1.2181674476463304e-01
    -4.0653599202759752e-02 -1.7681959039914696e-01
    -1.1058108880108149e-01 1.0254882520323414e+00
    -7.9112019121701221e-03 8.3943721685809297e-02
    -4.3555746717760857e-02 -1.7537748284383406e-01
    -8.6559913827985543e-02 1.0233282252203888e+00
    -5.2734386885895732e-04 8.3841971414118352e-02
    -5.9148434528324162e-02 -1.7770290688711371e-01
    -6.8356830970980956e-02 1.0273478142957675e+00
    -7.8530118818552999e-02 9.4011753600567058e-02
    -6.6342091428650801e-02 -1.8186403276036167e-01
    -7.2463201561101129e-02 1.0283297839410201e+00
    -1.1986715405836890e-01 1.1051415867249391e-01
    -8.1581537182999264e-02 -1.8015213046509701e-01
    -9.0959766110758691e-02 1.0280729363846668e+00
    -1.4876198766386031e-01 1.3018880846196335e-01
    -1.1536878078107281e-01 -1.7229205768551725e-01
    -9.4185121299913452e-02 1.0236160010940245e+00
    -1.4315340098149423e-01 2.2604343667710980e-01
    -1.1551269351772997e-01 -1.7640736273128577e-01
    -9.0797330879003893e-02 1.0382423905408824e+00
    -1.4114489820461826e-01 2.0693291942753494e-01
    -9.8273422484233250e-02 -1.8504244657389682e-01
    -8.8305184409092297e-02 1.0383774421576386e+00
    -1.7199073592100086e-01 2.7600068100879623e-02
    -5.3206586496407776e-02 -1.8639741331833645e-01
    -9.4057922710990338e-02 1.0053098683238193e+00
    -1.7710612397132366e-01 -6.4324734021499116e-02
    -3.3319562161116943e-02 -1.8199803176133061e-01
    -1.0117934842405911e-01 9.9175197956801187e-01
    -1.7398458281470305e-01 -1.3653347854960482e-01
    -2.4787780060270916e-02 -1.7833701395239174e-01
    -1.0170117023347182e-01 9.8510672794064413e-01
    -1.7501926298627260e-01 -2.0313451615644748e-01
    1.5305033800022229e-03 -1.7049273702546661e-01
    -1.1033933967855562e-01 9.7339409202105920e-01
    -1.4573073177744722e-01 -2.5322243139138384e-01
    3.2206125112430692e-02 -1.6481756992057439e-01
    -1.1444128983483114e-01 9.6754125022589199e-01
    -1.2835361520656130e-01 -2.5546128368805454e-01
    8.5107126594102245e-02 -1.7174193149444042e-01
    -1.1963264749103131e-01 9.6953121558387334e-01
    -8.6725093477524454e-02 -2.5776471627037462e-01
    1.0978091569786667e-01 -1.7304138144625467e-01
    -1.1242693328126178e-01 9.7228005169927367e-01
    -6.6437872791565364e-02 -2.4506922951412496e-01
    9.7100162341317048e-02 -1.7223372472900364e-01
    -9.7339852260410586e-02 9.7783705805803389e-01
    -3.7105249546716131e-02 -2.0751463915328971e-01
    1.1008436259057047e-01 -1.8082816132168933e-01
    -8.9469455146687069e-02 9.8412948942032807e-01
    -1.1864834678934377e-01 -1.4869544813255711e-01
    3.2398217157667490e-02 -1.7957838997885023e-01
    -9.9029921160275813e-02 9.8718874281140434e-01
    -1.3357411252011142e-01 -1.2969380538216863e-01
    1.0208396195050854e-02 -1.7258967249154414e-01
    -1.0481042041751988e-01 9.8573403886798316e-01</data></extrinsic_parameters>
