<?xml version="1.0"?>
<opencv_storage>
<rotation type_id="opencv-matrix">
  <rows>3</rows>
  <cols>1</cols>
  <dt>d</dt>
  <data>
    8.1300347720547628e-01 1.1742832577439213e-01 2.9440839337315281e+00</data></rotation>
<translation type_id="opencv-matrix">
  <rows>3</rows>
  <cols>1</cols>
  <dt>d</dt>
  <data>
    -4.6666954630445517e-01 2.2794757276486236e-01
    2.9149473979788394e+00</data></translation>
<rotation_1 type_id="opencv-matrix">
  <rows>3</rows>
  <cols>1</cols>
  <dt>d</dt>
  <data>
    -1.9357095516076985e+00 1.1525236347653857e-01
    2.4216321918049744e+00</data></rotation_1>
<translation_1 type_id="opencv-matrix">
  <rows>3</rows>
  <cols>1</cols>
  <dt>d</dt>
  <data>
    -6.3691510533055362e-01 2.7870567417097469e-01
    2.5538623872915989e+00</data></translation_1>
<transform type_id="opencv-matrix">
  <rows>3</rows>
  <cols>4</cols>
  <dt>d</dt>
  <data>
    -3.0683105064179894e-01 4.0231927041190010e-03
    -9.5175549395972170e-01 1.9932963110926050e+00
    1.1709610918674354e-01 9.9255358055355158e-01
    -3.3554298437763072e-02 2.0490969771507678e-01
    9.4453332793256972e-01 -1.2174236588299801e-01
    -3.0501735815168685e-01 3.9115077581956488e+00</data></transform>
</opencv_storage>
