<?xml version="1.0"?>
<opencv_storage>
<rotation type_id="opencv-matrix">
  <rows>3</rows>
  <cols>1</cols>
  <dt>d</dt>
  <data>
    -7.1340995075311875e-01 5.6864111576318732e-01
    -1.4737083154124921e+00</data></rotation>
<translation type_id="opencv-matrix">
  <rows>3</rows>
  <cols>1</cols>
  <dt>d</dt>
  <data>
    2.3106675181042624e-01 4.7937746957023164e-01 4.0469137508276756e+00</data></translation>
<rotation_1 type_id="opencv-matrix">
  <rows>3</rows>
  <cols>1</cols>
  <dt>d</dt>
  <data>
    6.8817454972779646e-01 -5.4688206009668883e-01
    -1.6062188572559966e+00</data></rotation_1>
<translation_1 type_id="opencv-matrix">
  <rows>3</rows>
  <cols>1</cols>
  <dt>d</dt>
  <data>
    -1.6399192955645531e-01 6.7296370184337706e-01
    3.7467071611624396e+00</data></translation_1>
<transform type_id="opencv-matrix">
  <rows>3</rows>
  <cols>4</cols>
  <dt>d</dt>
  <data>
    -3.4324707680993216e-02 -4.2990140382809933e-03
    -9.9940148735176149e-01 3.8904918413870275e+00
    -1.5836429699591537e-01 9.8738003278526654e-01
    1.1917608633788858e-03 2.3140573050648505e-01 9.8678394995034446e-01
    1.5831042080439500e-01 -3.4572341331351730e-02
    3.5827150337090972e+00</data></transform>
</opencv_storage>
